JH01
    1.000024      0.2174809E-03
   0.9950124      0.1249403E-02
   0.9880054      0.2709750E-02
   0.9798594      0.4425947E-02
   0.9709880      0.6315491E-02
   0.9617621      0.8301551E-02
   0.9523958      0.1034486E-01
   0.9429716      0.1243048E-01
   0.9335165      0.1455083E-01
   0.9240381      0.1670058E-01
   0.9145406      0.1887460E-01
   0.9050257      0.2106930E-01
   0.8954929      0.2328091E-01
   0.8859440      0.2550523E-01
   0.8763817      0.2773833E-01
   0.8668145      0.2997394E-01
   0.8572577      0.3220396E-01
   0.8477165      0.3442326E-01
   0.8381934      0.3662740E-01
   0.8286879      0.3881232E-01
   0.8191974      0.4097488E-01
   0.8097203      0.4311236E-01
   0.8002556      0.4522180E-01
   0.7908011      0.4730049E-01
   0.7813537      0.4934656E-01
   0.7719113      0.5135847E-01
   0.7624728      0.5333454E-01
   0.7530367      0.5527324E-01
   0.7436008      0.5717356E-01
   0.7341641      0.5903470E-01
   0.7247266      0.6085561E-01
   0.7152876      0.6263518E-01
   0.7058459      0.6437269E-01
   0.6964007      0.6606768E-01
   0.6869522      0.6771954E-01
   0.6775006      0.6932743E-01
   0.6680454      0.7089068E-01
   0.6585858      0.7240896E-01
   0.6491219      0.7388191E-01
   0.6396543      0.7530893E-01
   0.6301833      0.7668933E-01
   0.6207082      0.7802270E-01
   0.6112286      0.7930881E-01
   0.6017452      0.8054730E-01
   0.5922588      0.8173758E-01
   0.5827690      0.8287909E-01
   0.5732755      0.8397154E-01
   0.5637784      0.8501473E-01
   0.5542786      0.8600824E-01
   0.5447766      0.8695146E-01
   0.5352723      0.8784392E-01
   0.5257652      0.8868538E-01
   0.5162560      0.8947555E-01
   0.5067456      0.9021393E-01
   0.4972346      0.9089987E-01
   0.4877224      0.9153293E-01
   0.4782092      0.9211282E-01
   0.4686959      0.9263915E-01
   0.4591834      0.9311129E-01
   0.4496720      0.9352854E-01
   0.4401613      0.9389042E-01
   0.4306520      0.9419655E-01
   0.4211451      0.9444636E-01
   0.4116416      0.9463904E-01
   0.4021414      0.9477379E-01
   0.3926447      0.9485007E-01
   0.3831525      0.9486730E-01
   0.3736661      0.9482463E-01
   0.3641864      0.9472101E-01
   0.3547132      0.9455554E-01
   0.3452474      0.9432748E-01
   0.3357905      0.9403590E-01
   0.3263439      0.9367956E-01
   0.3169079      0.9325718E-01
   0.3074830      0.9276770E-01
   0.2980707      0.9221008E-01
   0.2886730      0.9158292E-01
   0.2792908      0.9088458E-01
   0.2699246      0.9011362E-01
   0.2605760      0.8926878E-01
   0.2512476      0.8834841E-01
   0.2419409      0.8735053E-01
   0.2326566      0.8627328E-01
   0.2233969      0.8511506E-01
   0.2141650      0.8387393E-01
   0.2049632      0.8254748E-01
   0.1957931      0.8113343E-01
   0.1866583      0.7962976E-01
   0.1775632      0.7803397E-01
   0.1685110      0.7634300E-01
   0.1595055      0.7455407E-01
   0.1505522      0.7266454E-01
   0.1416576      0.7067098E-01
   0.1328269      0.6856963E-01
   0.1240674      0.6635732E-01
   0.1153889      0.6403046E-01
   0.1068007      0.6158467E-01
   0.9831388E-01  0.5901634E-01
   0.8994383E-01  0.5632218E-01
   0.8170743E-01  0.5349836E-01
   0.7362544E-01  0.5054279E-01
   0.6572683E-01  0.4745552E-01
   0.5804735E-01  0.4423904E-01
   0.5063599E-01  0.4090368E-01
   0.4356137E-01  0.3747093E-01
   0.3691235E-01  0.3397987E-01
   0.3079962E-01  0.3049497E-01
   0.2533514E-01  0.2710101E-01
   0.2059747E-01  0.2388938E-01
   0.1660238E-01  0.2093006E-01
   0.1329715E-01  0.1825319E-01
   0.1058743E-01  0.1585387E-01
   0.8369619E-02  0.1370502E-01
   0.6549981E-02  0.1177095E-01
   0.5051496E-02  0.1001692E-01
   0.3814185E-02  0.8412590E-02
   0.2793209E-02  0.6932534E-02
   0.1956211E-02  0.5555267E-02
   0.1281451E-02  0.4262646E-02
   0.7567544E-03  0.3040583E-02
   0.3779151E-03  0.1875984E-02
   0.1486635E-03  0.7632279E-03
   0.7482390E-04 -0.2965718E-03
   0.1674007E-03 -0.1341425E-02
   0.4605635E-03 -0.2404483E-02
   0.9781567E-03 -0.3449477E-02
   0.1717333E-02 -0.4446723E-02
   0.2664837E-02 -0.5392262E-02
   0.3810410E-02 -0.6294580E-02
   0.5158802E-02 -0.7168343E-02
   0.6729905E-02 -0.8027067E-02
   0.8559856E-02 -0.8881933E-02
   0.1070280E-01 -0.9743197E-02
   0.1323419E-01 -0.1062155E-01
   0.1625754E-01 -0.1152782E-01
   0.1990674E-01 -0.1247034E-01
   0.2433778E-01 -0.1345267E-01
   0.2969582E-01 -0.1446882E-01
   0.3604550E-01 -0.1549281E-01
   0.4331879E-01 -0.1648482E-01
   0.5132696E-01 -0.1740927E-01
   0.5984930E-01 -0.1824192E-01
   0.6871325E-01 -0.1897766E-01
   0.7779370E-01 -0.1962116E-01
   0.8701553E-01 -0.2017706E-01
   0.9634056E-01 -0.2065429E-01
   0.1057385     -0.2106164E-01
   0.1151905     -0.2140448E-01
   0.1246894     -0.2168897E-01
   0.1342257     -0.2192152E-01
   0.1437899     -0.2210593E-01
   0.1533798     -0.2224542E-01
   0.1629938     -0.2234427E-01
   0.1726263     -0.2240600E-01
   0.1822734     -0.2243253E-01
   0.1919359     -0.2242600E-01
   0.2016132     -0.2238932E-01
   0.2113014     -0.2232478E-01
   0.2209981     -0.2223357E-01
   0.2307045     -0.2211693E-01
   0.2404213     -0.2197690E-01
   0.2501460     -0.2181534E-01
   0.2598762     -0.2163323E-01
   0.2696123     -0.2143125E-01
   0.2793556     -0.2121060E-01
   0.2891055     -0.2097286E-01
   0.2988597     -0.2071908E-01
   0.3086172     -0.2044969E-01
   0.3183791     -0.2016524E-01
   0.3281463     -0.1986676E-01
   0.3379178     -0.1955539E-01
   0.3476918     -0.1923177E-01
   0.3574680     -0.1889612E-01
   0.3672476     -0.1854886E-01
   0.3770314     -0.1819085E-01
   0.3868183     -0.1782299E-01
   0.3966069     -0.1744573E-01
   0.4063971     -0.1705921E-01
   0.4161900     -0.1666376E-01
   0.4259864     -0.1626007E-01
   0.4357855     -0.1584892E-01
   0.4455860     -0.1543072E-01
   0.4553877     -0.1500556E-01
   0.4651917     -0.1457369E-01
   0.4749989     -0.1413568E-01
   0.4848086     -0.1369225E-01
   0.4946198     -0.1324381E-01
   0.5044320     -0.1279049E-01
   0.5142463     -0.1233246E-01
   0.5240635     -0.1187021E-01
   0.5338834     -0.1140442E-01
   0.5437051     -0.1093555E-01
   0.5535280     -0.1046380E-01
   0.5633530     -0.9989314E-02
   0.5731810     -0.9512558E-02
   0.5830122     -0.9034244E-02
   0.5928453     -0.8554940E-02
   0.6026795     -0.8074969E-02
   0.6125141     -0.7594605E-02
   0.6223475     -0.7114501E-02
   0.6321777     -0.6635539E-02
   0.6420051     -0.6158358E-02
   0.6518301     -0.5683363E-02
   0.6616518     -0.5210971E-02
   0.6714691     -0.4741943E-02
   0.6812816     -0.4277251E-02
   0.6910898     -0.3817730E-02
   0.7008940     -0.3364034E-02
   0.7106931     -0.2916901E-02
   0.7204858     -0.2477459E-02
   0.7302718     -0.2047066E-02
   0.7400515     -0.1626910E-02
   0.7498252     -0.1217993E-02
   0.7595919     -0.8214517E-03
   0.7693505     -0.4387665E-03
   0.7791011     -0.7152318E-04
   0.7888444      0.2789460E-03
   0.7985801      0.6114250E-03
   0.8083068      0.9244036E-03
   0.8180242      0.1216088E-02
   0.8277326      0.1484807E-02
   0.8374321      0.1729121E-02
   0.8471215      0.1947412E-02
   0.8567998      0.2137687E-02
   0.8664672      0.2297972E-02
   0.8761235      0.2426546E-02
   0.8857673      0.2521515E-02
   0.8953972      0.2580587E-02
   0.9050123      0.2601520E-02
   0.9146101      0.2582115E-02
   0.9241861      0.2519566E-02
   0.9337343      0.2410586E-02
   0.9432440      0.2251865E-02
   0.9526925      0.2039589E-02
   0.9620347      0.1769987E-02
   0.9711733      0.1442435E-02
   0.9799109      0.1061854E-02
   0.9879357      0.6410432E-03
   0.9949111      0.2082099E-03
   0.9999760     -0.1501152E-03
